# Ni Mn In 
8	6	2	\A_0\run	-103.32086836	5.981349758823976	5.981349758823976	5.981349758823976	1.5707963267948966	1.5707963267948966	1.5707963267948966
5.981349758823976	0.0	0.0
0.0	5.981349758823976	0.0
0.0	0.0	5.981349758823976
	0	0	0	0.25	0.265100671418468	0.265100671418468
	1	0	0	0.75	0.265100671418468	0.265100671418468
	2	0	0	0.25	0.734899328581532	0.265100671418468
	3	0	0	0.75	0.734899328581532	0.265100671418468
	4	0	0	0.25	0.265100671418468	0.734899328581532
	5	0	0	0.75	0.265100671418468	0.734899328581532
	6	0	0	0.25	0.734899328581532	0.734899328581532
	7	0	0	0.75	0.734899328581532	0.734899328581532
	8	1	2.0	0.5	0.5	0.0
	9	1	2.0	0.0	0.5	0.0
	10	1	2.0	0.0	0.0	0.5
	11	1	2.0	0.5	0.0	0.5
	12	1	2.0	0.5	0.5	0.5
	13	1	2.0	0.0	0.5	0.5
	14	2	0	0.0	0.0	0.0
	15	2	0	0.5	0.0	0.0
# Ni Mn In 
8	6	2	\A_1\run	-103.27337259	5.981349758823976	5.981349758823976	5.981349758823976	1.5707963267948966	1.5707963267948966	1.5707963267948966
5.981349758823976	0.0	0.0
0.0	5.981349758823976	0.0
0.0	0.0	5.981349758823976
	0	0	0	0.249894880527472	0.264190450753862	0.267027438775893
	1	0	0	0.750105119472528	0.264190450753862	0.267027438775893
	2	0	0	0.249894880527472	0.735809549246138	0.267027438775893
	3	0	0	0.750105119472528	0.735809549246138	0.267027438775893
	4	0	0	0.249894880527472	0.264190450753862	0.732972561224107
	5	0	0	0.750105119472528	0.264190450753862	0.732972561224107
	6	0	0	0.249894880527472	0.735809549246138	0.732972561224107
	7	0	0	0.750105119472528	0.735809549246138	0.732972561224107
	8	1	-2.0	0.5	0.5	0.0
	9	1	2.0	0.0	0.5	0.0
	10	1	2.0	0.0	0.0	0.5
	11	1	2.0	0.5	0.0	0.5
	12	1	2.0	0.5	0.5	0.5
	13	1	2.0	0.0	0.5	0.5
	14	2	0	0.0	0.0	0.0
	15	2	0	0.5	0.0	0.0
# Ni Mn In 
8	6	2	\A_10\run	-103.09344151	5.981349758823976	5.981349758823976	5.981349758823976	1.5707963267948966	1.5707963267948966	1.5707963267948966
5.981349758823976	0.0	0.0
0.0	5.981349758823976	0.0
0.0	0.0	5.981349758823976
	0	0	0	0.250017755503404	0.265850186190181	0.265849224054711
	1	0	0	0.749982244496596	0.265850186190181	0.265849224054711
	2	0	0	0.250017755503404	0.734149813809819	0.265849224054711
	3	0	0	0.749982244496596	0.734149813809819	0.265849224054711
	4	0	0	0.250017755503404	0.265850186190181	0.734150775945289
	5	0	0	0.749982244496596	0.265850186190181	0.734150775945289
	6	0	0	0.250017755503404	0.734149813809819	0.734150775945289
	7	0	0	0.749982244496596	0.734149813809819	0.734150775945289
	8	1	-2.0	0.5	0.5	0.0
	9	1	-2.0	0.0	0.5	0.0
	10	1	2.0	0.0	0.0	0.5
	11	1	2.0	0.5	0.0	0.5
	12	1	-2.0	0.5	0.5	0.5
	13	1	2.0	0.0	0.5	0.5
	14	2	0	0.0	0.0	0.0
	15	2	0	0.5	0.0	0.0
# Ni Mn In 
8	6	2	\A_11\run	-103.24574385	5.981349758823976	5.981349758823976	5.981349758823976	1.5707963267948966	1.5707963267948966	1.5707963267948966
5.981349758823976	0.0	0.0
0.0	5.981349758823976	0.0
0.0	0.0	5.981349758823976
	0	0	0	0.249999980615249	0.268075078646756	0.268075078646756
	1	0	0	0.750000019384751	0.268075078646756	0.268075078646756
	2	0	0	0.249999980615249	0.731924921353243	0.268075078646756
	3	0	0	0.750000019384751	0.731924921353243	0.268075078646756
	4	0	0	0.249999980615249	0.268075078646756	0.731924921353243
	5	0	0	0.750000019384751	0.268075078646756	0.731924921353243
	6	0	0	0.249999980615249	0.731924921353243	0.731924921353243
	7	0	0	0.750000019384751	0.731924921353243	0.731924921353243
	8	1	2.0	0.5	0.5	0.0
	9	1	-2.0	0.0	0.5	0.0
	10	1	-2.0	0.0	0.0	0.5
	11	1	2.0	0.5	0.0	0.5
	12	1	2.0	0.5	0.5	0.5
	13	1	-2.0	0.0	0.5	0.5
	14	2	0	0.0	0.0	0.0
	15	2	0	0.5	0.0	0.0
# Ni Mn In 
8	6	2	\A_12\run	-103.12191647	5.981349758823976	5.981349758823976	5.981349758823976	1.5707963267948966	1.5707963267948966	1.5707963267948966
5.981349758823976	0.0	0.0
0.0	5.981349758823976	0.0
0.0	0.0	5.981349758823976
	0	0	0	0.250011410784529	0.263196045852019	0.263196045852019
	1	0	0	0.749988589215471	0.263196045852019	0.263196045852019
	2	0	0	0.250011410784529	0.736803954147981	0.263196045852019
	3	0	0	0.749988589215471	0.736803954147981	0.263196045852019
	4	0	0	0.250011410784529	0.263196045852019	0.736803954147981
	5	0	0	0.749988589215471	0.263196045852019	0.736803954147981
	6	0	0	0.250011410784529	0.736803954147981	0.736803954147981
	7	0	0	0.749988589215471	0.736803954147981	0.736803954147981
	8	1	2.0	0.5	0.5	0.0
	9	1	-2.0	0.0	0.5	0.0
	10	1	-2.0	0.0	0.0	0.5
	11	1	2.0	0.5	0.0	0.5
	12	1	-2.0	0.5	0.5	0.5
	13	1	2.0	0.0	0.5	0.5
	14	2	0	0.0	0.0	0.0
	15	2	0	0.5	0.0	0.0
# Ni Mn In 
8	6	2	\A_2\run	-103.27348106	5.981349758823976	5.981349758823976	5.981349758823976	1.5707963267948966	1.5707963267948966	1.5707963267948966
5.981349758823976	0.0	0.0
0.0	5.981349758823976	0.0
0.0	0.0	5.981349758823976
	0	0	0	0.250105261448824	0.267024629103582	0.26418816632678
	1	0	0	0.749894738551176	0.267024629103582	0.26418816632678
	2	0	0	0.250105261448824	0.732975370896418	0.26418816632678
	3	0	0	0.749894738551176	0.732975370896418	0.26418816632678
	4	0	0	0.250105261448824	0.267024629103582	0.73581183367322
	5	0	0	0.749894738551176	0.267024629103582	0.73581183367322
	6	0	0	0.250105261448824	0.732975370896418	0.73581183367322
	7	0	0	0.749894738551176	0.732975370896418	0.73581183367322
	8	1	2.0	0.5	0.5	0.0
	9	1	2.0	0.0	0.5	0.0
	10	1	-2.0	0.0	0.0	0.5
	11	1	2.0	0.5	0.0	0.5
	12	1	2.0	0.5	0.5	0.5
	13	1	2.0	0.0	0.5	0.5
	14	2	0	0.0	0.0	0.0
	15	2	0	0.5	0.0	0.0
# Ni Mn In 
8	6	2	\A_3\run	-103.18774507	5.981349758823976	5.981349758823976	5.981349758823976	1.5707963267948966	1.5707963267948966	1.5707963267948966
5.981349758823976	0.0	0.0
0.0	5.981349758823976	0.0
0.0	0.0	5.981349758823976
	0	0	0	0.25	0.266650982277373	0.267501562062834
	1	0	0	0.75	0.266650982277373	0.267501562062834
	2	0	0	0.25	0.733349017722627	0.267501562062834
	3	0	0	0.75	0.733349017722627	0.267501562062834
	4	0	0	0.25	0.266650982277373	0.732498437937166
	5	0	0	0.75	0.266650982277373	0.732498437937166
	6	0	0	0.25	0.733349017722627	0.732498437937166
	7	0	0	0.75	0.733349017722627	0.732498437937166
	8	1	-2.0	0.5	0.5	0.0
	9	1	-2.0	0.0	0.5	0.0
	10	1	2.0	0.0	0.0	0.5
	11	1	2.0	0.5	0.0	0.5
	12	1	2.0	0.5	0.5	0.5
	13	1	2.0	0.0	0.5	0.5
	14	2	0	0.0	0.0	0.0
	15	2	0	0.5	0.0	0.0
# Ni Mn In 
8	6	2	\A_4\run	-103.29029535	5.981349758823976	5.981349758823976	5.981349758823976	1.5707963267948966	1.5707963267948966	1.5707963267948966
5.981349758823976	0.0	0.0
0.0	5.981349758823976	0.0
0.0	0.0	5.981349758823976
	0	0	0	0.252536505235383	0.266705086545766	0.266705086545766
	1	0	0	0.747463494764618	0.266705086545766	0.266705086545766
	2	0	0	0.252536505235383	0.733294913454234	0.266705086545766
	3	0	0	0.747463494764618	0.733294913454234	0.266705086545766
	4	0	0	0.252536505235383	0.266705086545766	0.733294913454234
	5	0	0	0.747463494764618	0.266705086545766	0.733294913454234
	6	0	0	0.252536505235383	0.733294913454234	0.733294913454234
	7	0	0	0.747463494764618	0.733294913454234	0.733294913454234
	8	1	2.0	0.5	0.5	0.0
	9	1	-2.0	0.0	0.5	0.0
	10	1	-2.0	0.0	0.0	0.5
	11	1	2.0	0.5	0.0	0.5
	12	1	2.0	0.5	0.5	0.5
	13	1	2.0	0.0	0.5	0.5
	14	2	0	0.0	0.0	0.0
	15	2	0	0.5	0.0	0.0
# Ni Mn In 
8	6	2	\A_5\run	-103.24034009	5.981349758823976	5.981349758823976	5.981349758823976	1.5707963267948966	1.5707963267948966	1.5707963267948966
5.981349758823976	0.0	0.0
0.0	5.981349758823976	0.0
0.0	0.0	5.981349758823976
	0	0	0	0.25	0.266006665399006	0.266006665399006
	1	0	0	0.75	0.266006665399006	0.266006665399006
	2	0	0	0.25	0.733993334600994	0.266006665399006
	3	0	0	0.75	0.733993334600994	0.266006665399006
	4	0	0	0.25	0.266006665399006	0.733993334600994
	5	0	0	0.75	0.266006665399006	0.733993334600994
	6	0	0	0.25	0.733993334600994	0.733993334600994
	7	0	0	0.75	0.733993334600994	0.733993334600994
	8	1	2.0	0.5	0.5	0.0
	9	1	-2.0	0.0	0.5	0.0
	10	1	2.0	0.0	0.0	0.5
	11	1	-2.0	0.5	0.0	0.5
	12	1	2.0	0.5	0.5	0.5
	13	1	2.0	0.0	0.5	0.5
	14	2	0	0.0	0.0	0.0
	15	2	0	0.5	0.0	0.0
# Ni Mn In 
8	6	2	\A_6\run	-103.15335386	5.981349758823976	5.981349758823976	5.981349758823976	1.5707963267948966	1.5707963267948966	1.5707963267948966
5.981349758823976	0.0	0.0
0.0	5.981349758823976	0.0
0.0	0.0	5.981349758823976
	0	0	0	0.24573838349787	0.259502350945924	0.269295634731855
	1	0	0	0.75426161650213	0.259502350945924	0.269295634731855
	2	0	0	0.24573838349787	0.740497649054076	0.269295634731855
	3	0	0	0.75426161650213	0.740497649054076	0.269295634731855
	4	0	0	0.24573838349787	0.259502350945924	0.730704365268145
	5	0	0	0.75426161650213	0.259502350945924	0.730704365268145
	6	0	0	0.24573838349787	0.740497649054076	0.730704365268145
	7	0	0	0.75426161650213	0.740497649054076	0.730704365268145
	8	1	2.0	0.5	0.5	0.0
	9	1	-2.0	0.0	0.5	0.0
	10	1	2.0	0.0	0.0	0.5
	11	1	2.0	0.5	0.0	0.5
	12	1	-2.0	0.5	0.5	0.5
	13	1	2.0	0.0	0.5	0.5
	14	2	0	0.0	0.0	0.0
	15	2	0	0.5	0.0	0.0
# Ni Mn In 
8	6	2	\A_7\run	-103.18427503	5.981349758823976	5.981349758823976	5.981349758823976	1.5707963267948966	1.5707963267948966	1.5707963267948966
5.981349758823976	0.0	0.0
0.0	5.981349758823976	0.0
0.0	0.0	5.981349758823976
	0	0	0	0.250678644859719	0.268017018978322	0.265246027930501
	1	0	0	0.749321355140282	0.268017018978322	0.265246027930501
	2	0	0	0.250678644859719	0.731982981021678	0.265246027930501
	3	0	0	0.749321355140282	0.731982981021678	0.265246027930501
	4	0	0	0.250678644859719	0.268017018978322	0.734753972069499
	5	0	0	0.749321355140282	0.268017018978322	0.734753972069499
	6	0	0	0.250678644859719	0.731982981021678	0.734753972069499
	7	0	0	0.749321355140282	0.731982981021678	0.734753972069499
	8	1	2.0	0.5	0.5	0.0
	9	1	-2.0	0.0	0.5	0.0
	10	1	2.0	0.0	0.0	0.5
	11	1	2.0	0.5	0.0	0.5
	12	1	2.0	0.5	0.5	0.5
	13	1	-2.0	0.0	0.5	0.5
	14	2	0	0.0	0.0	0.0
	15	2	0	0.5	0.0	0.0
# Ni Mn In 
8	6	2	\A_8\run	-103.19631572	5.981349758823976	5.981349758823976	5.981349758823976	1.5707963267948966	1.5707963267948966	1.5707963267948966
5.981349758823976	0.0	0.0
0.0	5.981349758823976	0.0
0.0	0.0	5.981349758823976
	0	0	0	0.25	0.267643330259189	0.267643330259189
	1	0	0	0.75	0.267643330259189	0.267643330259189
	2	0	0	0.25	0.732356669740811	0.267643330259189
	3	0	0	0.75	0.732356669740811	0.267643330259189
	4	0	0	0.25	0.267643330259189	0.732356669740811
	5	0	0	0.75	0.267643330259189	0.732356669740811
	6	0	0	0.25	0.732356669740811	0.732356669740811
	7	0	0	0.75	0.732356669740811	0.732356669740811
	8	1	2.0	0.5	0.5	0.0
	9	1	2.0	0.0	0.5	0.0
	10	1	2.0	0.0	0.0	0.5
	11	1	2.0	0.5	0.0	0.5
	12	1	-2.0	0.5	0.5	0.5
	13	1	-2.0	0.0	0.5	0.5
	14	2	0	0.0	0.0	0.0
	15	2	0	0.5	0.0	0.0
# Ni Mn In 
8	6	2	\A_9\run	-103.27280942	5.981349758823976	5.981349758823976	5.981349758823976	1.5707963267948966	1.5707963267948966	1.5707963267948966
5.981349758823976	0.0	0.0
0.0	5.981349758823976	0.0
0.0	0.0	5.981349758823976
	0	0	0	0.253267699722413	0.268953381989347	0.265347861065199
	1	0	0	0.746732300277586	0.268953381989347	0.265347861065199
	2	0	0	0.253267699722413	0.731046618010654	0.265347861065199
	3	0	0	0.746732300277586	0.731046618010654	0.265347861065199
	4	0	0	0.253267699722413	0.268953381989347	0.7346521389348
	5	0	0	0.746732300277586	0.268953381989347	0.7346521389348
	6	0	0	0.253267699722413	0.731046618010654	0.7346521389348
	7	0	0	0.746732300277586	0.731046618010654	0.7346521389348
	8	1	-2.0	0.5	0.5	0.0
	9	1	-2.0	0.0	0.5	0.0
	10	1	-2.0	0.0	0.0	0.5
	11	1	2.0	0.5	0.0	0.5
	12	1	2.0	0.5	0.5	0.5
	13	1	2.0	0.0	0.5	0.5
	14	2	0	0.0	0.0	0.0
	15	2	0	0.5	0.0	0.0
# Ni Mn In 
8	6	2	\B_0\run	-103.53152928	5.981349758823976	5.981349758823976	5.981349758823976	1.5707963267948966	1.5707963267948966	1.5707963267948966
5.981349758823976	0.0	0.0
0.0	5.981349758823976	0.0
0.0	0.0	5.981349758823976
	0	0	0	0.25	0.25	0.269409015030478
	1	0	0	0.75	0.25	0.269409015030478
	2	0	0	0.25	0.75	0.269409015030478
	3	0	0	0.75	0.75	0.269409015030478
	4	0	0	0.25	0.25	0.730590984969522
	5	0	0	0.75	0.25	0.730590984969522
	6	0	0	0.25	0.75	0.730590984969522
	7	0	0	0.75	0.75	0.730590984969522
	8	1	2.0	0.5	0.0	0.0
	9	1	2.0	0.0	0.5	0.0
	10	1	2.0	0.0	0.0	0.5
	11	1	2.0	0.5	0.0	0.5
	12	1	2.0	0.5	0.5	0.5
	13	1	2.0	0.0	0.5	0.5
	14	2	0	0.0	0.0	0.0
	15	2	0	0.5	0.5	0.0
# Ni Mn In 
8	6	2	\B_1\run	-103.36031023	5.981349758823976	5.981349758823976	5.981349758823976	1.5707963267948966	1.5707963267948966	1.5707963267948966
5.981349758823976	0.0	0.0
0.0	5.981349758823976	0.0
0.0	0.0	5.981349758823976
	0	0	0	0.250075138414251	0.249924861585749	0.268661625516832
	1	0	0	0.749924861585749	0.249924861585749	0.268661625516832
	2	0	0	0.250075138414251	0.750075138414251	0.268661625516832
	3	0	0	0.749924861585749	0.750075138414251	0.268661625516832
	4	0	0	0.250075138414251	0.249924861585749	0.731338374483168
	5	0	0	0.749924861585749	0.249924861585749	0.731338374483168
	6	0	0	0.250075138414251	0.750075138414251	0.731338374483168
	7	0	0	0.749924861585749	0.750075138414251	0.731338374483168
	8	1	-2.0	0.5	0.0	0.0
	9	1	2.0	0.0	0.5	0.0
	10	1	2.0	0.0	0.0	0.5
	11	1	2.0	0.5	0.0	0.5
	12	1	2.0	0.5	0.5	0.5
	13	1	2.0	0.0	0.5	0.5
	14	2	0	0.0	0.0	0.0
	15	2	0	0.5	0.5	0.0
# Ni Mn In 
8	6	2	\B_10\run	-103.37203046	5.981349758823976	5.981349758823976	5.981349758823976	1.5707963267948966	1.5707963267948966	1.5707963267948966
5.981349758823976	0.0	0.0
0.0	5.981349758823976	0.0
0.0	0.0	5.981349758823976
	0	0	0	0.25	0.25	0.266741854413271
	1	0	0	0.75	0.25	0.266741854413271
	2	0	0	0.25	0.75	0.266741854413271
	3	0	0	0.75	0.75	0.266741854413271
	4	0	0	0.25	0.25	0.733258145586729
	5	0	0	0.75	0.25	0.733258145586729
	6	0	0	0.25	0.75	0.733258145586729
	7	0	0	0.75	0.75	0.733258145586729
	8	1	2.0	0.5	0.0	0.0
	9	1	2.0	0.0	0.5	0.0
	10	1	2.0	0.0	0.0	0.5
	11	1	-2.0	0.5	0.0	0.5
	12	1	2.0	0.5	0.5	0.5
	13	1	-2.0	0.0	0.5	0.5
	14	2	0	0.0	0.0	0.0
	15	2	0	0.5	0.5	0.0
# Ni Mn In 
8	6	2	\B_11\run	-103.36534833	5.981349758823976	5.981349758823976	5.981349758823976	1.5707963267948966	1.5707963267948966	1.5707963267948966
5.981349758823976	0.0	0.0
0.0	5.981349758823976	0.0
0.0	0.0	5.981349758823976
	0	0	0	0.253252483602684	0.253252483602684	0.270505111622282
	1	0	0	0.746747516397316	0.253252483602684	0.270505111622282
	2	0	0	0.253252483602684	0.746747516397316	0.270505111622282
	3	0	0	0.746747516397316	0.746747516397316	0.270505111622282
	4	0	0	0.253252483602684	0.253252483602684	0.729494888377718
	5	0	0	0.746747516397316	0.253252483602684	0.729494888377718
	6	0	0	0.253252483602684	0.746747516397316	0.729494888377718
	7	0	0	0.746747516397316	0.746747516397316	0.729494888377718
	8	1	-2.0	0.5	0.0	0.0
	9	1	-2.0	0.0	0.5	0.0
	10	1	-2.0	0.0	0.0	0.5
	11	1	2.0	0.5	0.0	0.5
	12	1	2.0	0.5	0.5	0.5
	13	1	2.0	0.0	0.5	0.5
	14	2	0	0.0	0.0	0.0
	15	2	0	0.5	0.5	0.0
# Ni Mn In 
8	6	2	\B_12\run	-103.28867817	5.981349758823976	5.981349758823976	5.981349758823976	1.5707963267948966	1.5707963267948966	1.5707963267948966
5.981349758823976	0.0	0.0
0.0	5.981349758823976	0.0
0.0	0.0	5.981349758823976
	0	0	0	0.249343549346234	0.250656450653766	0.268473177019384
	1	0	0	0.750656450653766	0.250656450653766	0.268473177019384
	2	0	0	0.249343549346234	0.749343549346234	0.268473177019384
	3	0	0	0.750656450653766	0.749343549346234	0.268473177019384
	4	0	0	0.249343549346234	0.250656450653766	0.731526822980616
	5	0	0	0.750656450653766	0.250656450653766	0.731526822980616
	6	0	0	0.249343549346234	0.749343549346234	0.731526822980616
	7	0	0	0.750656450653766	0.749343549346234	0.731526822980616
	8	1	-2.0	0.5	0.0	0.0
	9	1	-2.0	0.0	0.5	0.0
	10	1	2.0	0.0	0.0	0.5
	11	1	-2.0	0.5	0.0	0.5
	12	1	2.0	0.5	0.5	0.5
	13	1	2.0	0.0	0.5	0.5
	14	2	0	0.0	0.0	0.0
	15	2	0	0.5	0.5	0.0
# Ni Mn In 
8	6	2	\B_13\run	-103.24924534	5.981349758823976	5.981349758823976	5.981349758823976	1.5707963267948966	1.5707963267948966	1.5707963267948966
5.981349758823976	0.0	0.0
0.0	5.981349758823976	0.0
0.0	0.0	5.981349758823976
	0	0	0	0.249985064950324	0.249990968302803	0.271267503039887
	1	0	0	0.750014935049676	0.249990968302803	0.271267503039887
	2	0	0	0.249985064950324	0.750009031697197	0.271267503039887
	3	0	0	0.750014935049676	0.750009031697197	0.271267503039887
	4	0	0	0.249985064950324	0.249990968302803	0.728732496960113
	5	0	0	0.750014935049676	0.249990968302803	0.728732496960113
	6	0	0	0.249985064950324	0.750009031697197	0.728732496960113
	7	0	0	0.750014935049676	0.750009031697197	0.728732496960113
	8	1	-2.0	0.5	0.0	0.0
	9	1	2.0	0.0	0.5	0.0
	10	1	-2.0	0.0	0.0	0.5
	11	1	-2.0	0.5	0.0	0.5
	12	1	2.0	0.5	0.5	0.5
	13	1	2.0	0.0	0.5	0.5
	14	2	0	0.0	0.0	0.0
	15	2	0	0.5	0.5	0.0
# Ni Mn In 
8	6	2	\B_14\run	-103.24924534	5.981349758823976	5.981349758823976	5.981349758823976	1.5707963267948966	1.5707963267948966	1.5707963267948966
5.981349758823976	0.0	0.0
0.0	5.981349758823976	0.0
0.0	0.0	5.981349758823976
	0	0	0	0.249985064887317	0.249990968246306	0.271267504302221
	1	0	0	0.750014935112683	0.249990968246306	0.271267504302221
	2	0	0	0.249985064887317	0.750009031753694	0.271267504302221
	3	0	0	0.750014935112683	0.750009031753694	0.271267504302221
	4	0	0	0.249985064887317	0.249990968246306	0.728732495697779
	5	0	0	0.750014935112683	0.249990968246306	0.728732495697779
	6	0	0	0.249985064887317	0.750009031753694	0.728732495697779
	7	0	0	0.750014935112683	0.750009031753694	0.728732495697779
	8	1	-2.0	0.5	0.0	0.0
	9	1	2.0	0.0	0.5	0.0
	10	1	-2.0	0.0	0.0	0.5
	11	1	-2.0	0.5	0.0	0.5
	12	1	2.0	0.5	0.5	0.5
	13	1	2.0	0.0	0.5	0.5
	14	2	0	0.0	0.0	0.0
	15	2	0	0.5	0.5	0.0
# Ni Mn In 
8	6	2	\B_15\run	-103.25079204	5.981349758823976	5.981349758823976	5.981349758823976	1.5707963267948966	1.5707963267948966	1.5707963267948966
5.981349758823976	0.0	0.0
0.0	5.981349758823976	0.0
0.0	0.0	5.981349758823976
	0	0	0	0.255929723292942	0.244070276707058	0.26275455752953
	1	0	0	0.744070276707058	0.244070276707058	0.26275455752953
	2	0	0	0.255929723292942	0.755929723292942	0.26275455752953
	3	0	0	0.744070276707058	0.755929723292942	0.26275455752953
	4	0	0	0.255929723292942	0.244070276707058	0.73724544247047
	5	0	0	0.744070276707058	0.244070276707058	0.73724544247047
	6	0	0	0.255929723292942	0.755929723292942	0.73724544247047
	7	0	0	0.744070276707058	0.755929723292942	0.73724544247047
	8	1	-2.0	0.5	0.0	0.0
	9	1	2.0	0.0	0.5	0.0
	10	1	2.0	0.0	0.0	0.5
	11	1	-2.0	0.5	0.0	0.5
	12	1	2.0	0.5	0.5	0.5
	13	1	-2.0	0.0	0.5	0.5
	14	2	0	0.0	0.0	0.0
	15	2	0	0.5	0.5	0.0
# Ni Mn In 
8	6	2	\B_16\run	-102.40099155	5.981349758823976	5.981349758823976	5.981349758823976	1.5707963267948966	1.5707963267948966	1.5707963267948966
5.981349758823976	0.0	0.0
0.0	5.981349758823976	0.0
0.0	0.0	5.981349758823976
	0	0	0	0.250493525985584	0.249506474014417	0.266669535419803
	1	0	0	0.749506474014417	0.249506474014417	0.266669535419803
	2	0	0	0.250493525985584	0.750493525985583	0.266669535419803
	3	0	0	0.749506474014417	0.750493525985583	0.266669535419803
	4	0	0	0.250493525985584	0.249506474014417	0.733330464580196
	5	0	0	0.749506474014417	0.249506474014417	0.733330464580196
	6	0	0	0.250493525985584	0.750493525985583	0.733330464580196
	7	0	0	0.749506474014417	0.750493525985583	0.733330464580196
	8	1	2.0	0.5	0.0	0.0
	9	1	2.0	0.0	0.5	0.0
	10	1	-2.0	0.0	0.0	0.5
	11	1	-2.0	0.5	0.0	0.5
	12	1	-2.0	0.5	0.5	0.5
	13	1	2.0	0.0	0.5	0.5
	14	2	0	0.0	0.0	0.0
	15	2	0	0.5	0.5	0.0
# Ni Mn In 
8	6	2	\B_17\run	-103.36537753	5.981349758823976	5.981349758823976	5.981349758823976	1.5707963267948966	1.5707963267948966	1.5707963267948966
5.981349758823976	0.0	0.0
0.0	5.981349758823976	0.0
0.0	0.0	5.981349758823976
	0	0	0	0.252558262301673	0.252558262301673	0.270636825623378
	1	0	0	0.747441737698328	0.252558262301673	0.270636825623378
	2	0	0	0.252558262301673	0.747441737698328	0.270636825623378
	3	0	0	0.747441737698328	0.747441737698328	0.270636825623378
	4	0	0	0.252558262301673	0.252558262301673	0.729363174376622
	5	0	0	0.747441737698328	0.252558262301673	0.729363174376622
	6	0	0	0.252558262301673	0.747441737698328	0.729363174376622
	7	0	0	0.747441737698328	0.747441737698328	0.729363174376622
	8	1	2.0	0.5	0.0	0.0
	9	1	2.0	0.0	0.5	0.0
	10	1	2.0	0.0	0.0	0.5
	11	1	-2.0	0.5	0.0	0.5
	12	1	-2.0	0.5	0.5	0.5
	13	1	-2.0	0.0	0.5	0.5
	14	2	0	0.0	0.0	0.0
	15	2	0	0.5	0.5	0.0
# Ni Mn In 
8	6	2	\B_2\run	-103.31714384	5.981349758823976	5.981349758823976	5.981349758823976	1.5707963267948966	1.5707963267948966	1.5707963267948966
5.981349758823976	0.0	0.0
0.0	5.981349758823976	0.0
0.0	0.0	5.981349758823976
	0	0	0	0.249806803823489	0.249806803823489	0.268532102851234
	1	0	0	0.750193196176511	0.249806803823489	0.268532102851234
	2	0	0	0.249806803823489	0.750193196176511	0.268532102851234
	3	0	0	0.750193196176511	0.750193196176511	0.268532102851234
	4	0	0	0.249806803823489	0.249806803823489	0.731467897148766
	5	0	0	0.750193196176511	0.249806803823489	0.731467897148766
	6	0	0	0.249806803823489	0.750193196176511	0.731467897148766
	7	0	0	0.750193196176511	0.750193196176511	0.731467897148766
	8	1	2.0	0.5	0.0	0.0
	9	1	2.0	0.0	0.5	0.0
	10	1	-2.0	0.0	0.0	0.5
	11	1	2.0	0.5	0.0	0.5
	12	1	2.0	0.5	0.5	0.5
	13	1	2.0	0.0	0.5	0.5
	14	2	0	0.0	0.0	0.0
	15	2	0	0.5	0.5	0.0
# Ni Mn In 
8	6	2	\B_3\run	-103.47142208	5.981349758823976	5.981349758823976	5.981349758823976	1.5707963267948966	1.5707963267948966	1.5707963267948966
5.981349758823976	0.0	0.0
0.0	5.981349758823976	0.0
0.0	0.0	5.981349758823976
	0	0	0	0.24575166598354	0.25424833401646	0.268973935768144
	1	0	0	0.75424833401646	0.25424833401646	0.268973935768144
	2	0	0	0.24575166598354	0.74575166598354	0.268973935768144
	3	0	0	0.75424833401646	0.74575166598354	0.268973935768144
	4	0	0	0.24575166598354	0.25424833401646	0.731026064231856
	5	0	0	0.75424833401646	0.25424833401646	0.731026064231856
	6	0	0	0.24575166598354	0.74575166598354	0.731026064231856
	7	0	0	0.75424833401646	0.74575166598354	0.731026064231856
	8	1	2.0	0.5	0.0	0.0
	9	1	2.0	0.0	0.5	0.0
	10	1	2.0	0.0	0.0	0.5
	11	1	-2.0	0.5	0.0	0.5
	12	1	2.0	0.5	0.5	0.5
	13	1	2.0	0.0	0.5	0.5
	14	2	0	0.0	0.0	0.0
	15	2	0	0.5	0.5	0.0
# Ni Mn In 
8	6	2	\B_4\run	-103.36267609	5.981349758823976	5.981349758823976	5.981349758823976	1.5707963267948966	1.5707963267948966	1.5707963267948966
5.981349758823976	0.0	0.0
0.0	5.981349758823976	0.0
0.0	0.0	5.981349758823976
	0	0	0	0.25	0.25	0.270128851018742
	1	0	0	0.75	0.25	0.270128851018742
	2	0	0	0.25	0.75	0.270128851018742
	3	0	0	0.75	0.75	0.270128851018742
	4	0	0	0.25	0.25	0.729871148981258
	5	0	0	0.75	0.25	0.729871148981258
	6	0	0	0.25	0.75	0.729871148981258
	7	0	0	0.75	0.75	0.729871148981258
	8	1	-2.0	0.5	0.0	0.0
	9	1	-2.0	0.0	0.5	0.0
	10	1	2.0	0.0	0.0	0.5
	11	1	2.0	0.5	0.0	0.5
	12	1	2.0	0.5	0.5	0.5
	13	1	2.0	0.0	0.5	0.5
	14	2	0	0.0	0.0	0.0
	15	2	0	0.5	0.5	0.0
# Ni Mn In 
8	6	2	\B_5\run	-103.28182689	5.981349758823976	5.981349758823976	5.981349758823976	1.5707963267948966	1.5707963267948966	1.5707963267948966
5.981349758823976	0.0	0.0
0.0	5.981349758823976	0.0
0.0	0.0	5.981349758823976
	0	0	0	0.249684237446137	0.252693639545436	0.268999143663036
	1	0	0	0.750315762553863	0.252693639545436	0.268999143663036
	2	0	0	0.249684237446137	0.747306360454564	0.268999143663036
	3	0	0	0.750315762553863	0.747306360454564	0.268999143663036
	4	0	0	0.249684237446137	0.252693639545436	0.731000856336965
	5	0	0	0.750315762553863	0.252693639545436	0.731000856336965
	6	0	0	0.249684237446137	0.747306360454564	0.731000856336965
	7	0	0	0.750315762553863	0.747306360454564	0.731000856336965
	8	1	-2.0	0.5	0.0	0.0
	9	1	2.0	0.0	0.5	0.0
	10	1	-2.0	0.0	0.0	0.5
	11	1	2.0	0.5	0.0	0.5
	12	1	2.0	0.5	0.5	0.5
	13	1	2.0	0.0	0.5	0.5
	14	2	0	0.0	0.0	0.0
	15	2	0	0.5	0.5	0.0
# Ni Mn In 
8	6	2	\B_6\run	-103.22946727	5.981349758823976	5.981349758823976	5.981349758823976	1.5707963267948966	1.5707963267948966	1.5707963267948966
5.981349758823976	0.0	0.0
0.0	5.981349758823976	0.0
0.0	0.0	5.981349758823976
	0	0	0	0.249558326250302	0.250441673749698	0.268433039548186
	1	0	0	0.750441673749698	0.250441673749698	0.268433039548186
	2	0	0	0.249558326250302	0.749558326250302	0.268433039548186
	3	0	0	0.750441673749698	0.749558326250302	0.268433039548186
	4	0	0	0.249558326250302	0.250441673749698	0.731566960451814
	5	0	0	0.750441673749698	0.250441673749698	0.731566960451814
	6	0	0	0.249558326250302	0.749558326250302	0.731566960451814
	7	0	0	0.750441673749698	0.749558326250302	0.731566960451814
	8	1	-2.0	0.5	0.0	0.0
	9	1	2.0	0.0	0.5	0.0
	10	1	2.0	0.0	0.0	0.5
	11	1	-2.0	0.5	0.0	0.5
	12	1	2.0	0.5	0.5	0.5
	13	1	2.0	0.0	0.5	0.5
	14	2	0	0.0	0.0	0.0
	15	2	0	0.5	0.5	0.0
# Ni Mn In 
8	6	2	\B_7\run	-103.32629562	5.981349758823976	5.981349758823976	5.981349758823976	1.5707963267948966	1.5707963267948966	1.5707963267948966
5.981349758823976	0.0	0.0
0.0	5.981349758823976	0.0
0.0	0.0	5.981349758823976
	0	0	0	0.255083285514791	0.244916714485209	0.26764352272722
	1	0	0	0.744916714485209	0.244916714485209	0.26764352272722
	2	0	0	0.255083285514791	0.755083285514791	0.26764352272722
	3	0	0	0.744916714485209	0.755083285514791	0.26764352272722
	4	0	0	0.255083285514791	0.244916714485209	0.73235647727278
	5	0	0	0.744916714485209	0.244916714485209	0.73235647727278
	6	0	0	0.255083285514791	0.755083285514791	0.73235647727278
	7	0	0	0.744916714485209	0.755083285514791	0.73235647727278
	8	1	-2.0	0.5	0.0	0.0
	9	1	2.0	0.0	0.5	0.0
	10	1	2.0	0.0	0.0	0.5
	11	1	2.0	0.5	0.0	0.5
	12	1	2.0	0.5	0.5	0.5
	13	1	-2.0	0.0	0.5	0.5
	14	2	0	0.0	0.0	0.0
	15	2	0	0.5	0.5	0.0
# Ni Mn In 
8	6	2	\B_9\run	-103.13236063	5.981349758823976	5.981349758823976	5.981349758823976	1.5707963267948966	1.5707963267948966	1.5707963267948966
5.981349758823976	0.0	0.0
0.0	5.981349758823976	0.0
0.0	0.0	5.981349758823976
	0	0	0	0.25	0.25	0.262792913688437
	1	0	0	0.75	0.25	0.262792913688437
	2	0	0	0.25	0.75	0.262792913688437
	3	0	0	0.75	0.75	0.262792913688437
	4	0	0	0.25	0.25	0.737207086311563
	5	0	0	0.75	0.25	0.737207086311563
	6	0	0	0.25	0.75	0.737207086311563
	7	0	0	0.75	0.75	0.737207086311563
	8	1	2.0	0.5	0.0	0.0
	9	1	2.0	0.0	0.5	0.0
	10	1	-2.0	0.0	0.0	0.5
	11	1	2.0	0.5	0.0	0.5
	12	1	-2.0	0.5	0.5	0.5
	13	1	2.0	0.0	0.5	0.5
	14	2	0	0.0	0.0	0.0
	15	2	0	0.5	0.5	0.0
# Ni Mn In 
8	6	2	\C_0\run	-102.94060443	5.981349758823976	5.981349758823976	5.981349758823976	1.5707963267948966	1.5707963267948966	1.5707963267948966
5.981349758823976	0.0	0.0
0.0	5.981349758823976	0.0
0.0	0.0	5.981349758823976
	0	0	0	0.25	0.25	0.25
	1	0	0	0.75	0.25	0.25
	2	0	0	0.25	0.75	0.25
	3	0	0	0.75	0.75	0.25
	4	0	0	0.25	0.25	0.75
	5	0	0	0.75	0.25	0.75
	6	0	0	0.25	0.75	0.75
	7	0	0	0.75	0.75	0.75
	8	1	2.0	0.5	0.0	0.0
	9	1	2.0	0.5	0.5	0.0
	10	1	2.0	0.0	0.5	0.0
	11	1	2.0	0.0	0.0	0.5
	12	1	2.0	0.5	0.0	0.5
	13	1	2.0	0.0	0.5	0.5
	14	2	0	0.0	0.0	0.0
	15	2	0	0.5	0.5	0.5
# Ni Mn In 
8	6	2	\C_1\run	-102.88479031	5.981349758823976	5.981349758823976	5.981349758823976	1.5707963267948966	1.5707963267948966	1.5707963267948966
5.981349758823976	0.0	0.0
0.0	5.981349758823976	0.0
0.0	0.0	5.981349758823976
	0	0	0	0.246381974114216	0.250496707810625	0.250496707810625
	1	0	0	0.753618025885784	0.250496707810625	0.250496707810625
	2	0	0	0.246381974114216	0.749503292189375	0.250496707810625
	3	0	0	0.753618025885784	0.749503292189375	0.250496707810625
	4	0	0	0.246381974114216	0.250496707810625	0.749503292189375
	5	0	0	0.753618025885784	0.250496707810625	0.749503292189375
	6	0	0	0.246381974114216	0.749503292189375	0.749503292189375
	7	0	0	0.753618025885784	0.749503292189375	0.749503292189375
	8	1	-2.0	0.5	0.0	0.0
	9	1	2.0	0.5	0.5	0.0
	10	1	2.0	0.0	0.5	0.0
	11	1	2.0	0.0	0.0	0.5
	12	1	2.0	0.5	0.0	0.5
	13	1	2.0	0.0	0.5	0.5
	14	2	0	0.0	0.0	0.0
	15	2	0	0.5	0.5	0.5
# Ni Mn In 
8	6	2	\C_2\run	-102.8847911	5.981349758823976	5.981349758823976	5.981349758823976	1.5707963267948966	1.5707963267948966	1.5707963267948966
5.981349758823976	0.0	0.0
0.0	5.981349758823976	0.0
0.0	0.0	5.981349758823976
	0	0	0	0.249503236879061	0.249503236879061	0.253618171302343
	1	0	0	0.750496763120939	0.249503236879061	0.253618171302343
	2	0	0	0.249503236879061	0.750496763120939	0.253618171302343
	3	0	0	0.750496763120939	0.750496763120939	0.253618171302343
	4	0	0	0.249503236879061	0.249503236879061	0.746381828697657
	5	0	0	0.750496763120939	0.249503236879061	0.746381828697657
	6	0	0	0.249503236879061	0.750496763120939	0.746381828697657
	7	0	0	0.750496763120939	0.750496763120939	0.746381828697657
	8	1	2.0	0.5	0.0	0.0
	9	1	-2.0	0.5	0.5	0.0
	10	1	2.0	0.0	0.5	0.0
	11	1	2.0	0.0	0.0	0.5
	12	1	2.0	0.5	0.0	0.5
	13	1	2.0	0.0	0.5	0.5
	14	2	0	0.0	0.0	0.0
	15	2	0	0.5	0.5	0.5
# Ni Mn In 
8	6	2	\C_3\run	-102.77192078	5.981349758823976	5.981349758823976	5.981349758823976	1.5707963267948966	1.5707963267948966	1.5707963267948966
5.981349758823976	0.0	0.0
0.0	5.981349758823976	0.0
0.0	0.0	5.981349758823976
	0	0	0	0.25	0.25	0.25
	1	0	0	0.75	0.25	0.25
	2	0	0	0.25	0.75	0.25
	3	0	0	0.75	0.75	0.25
	4	0	0	0.25	0.25	0.75
	5	0	0	0.75	0.25	0.75
	6	0	0	0.25	0.75	0.75
	7	0	0	0.75	0.75	0.75
	8	1	-2.0	0.5	0.0	0.0
	9	1	-2.0	0.5	0.5	0.0
	10	1	2.0	0.0	0.5	0.0
	11	1	2.0	0.0	0.0	0.5
	12	1	2.0	0.5	0.0	0.5
	13	1	2.0	0.0	0.5	0.5
	14	2	0	0.0	0.0	0.0
	15	2	0	0.5	0.5	0.5
# Ni Mn In 
8	6	2	\C_4\run	-102.92680703	5.981349758823976	5.981349758823976	5.981349758823976	1.5707963267948966	1.5707963267948966	1.5707963267948966
5.981349758823976	0.0	0.0
0.0	5.981349758823976	0.0
0.0	0.0	5.981349758823976
	0	0	0	0.246522390636992	0.246522390636992	0.253897495364119
	1	0	0	0.753477609363008	0.246522390636992	0.253897495364119
	2	0	0	0.246522390636992	0.753477609363008	0.253897495364119
	3	0	0	0.753477609363008	0.753477609363008	0.253897495364119
	4	0	0	0.246522390636992	0.246522390636992	0.746102504635881
	5	0	0	0.753477609363008	0.246522390636992	0.746102504635881
	6	0	0	0.246522390636992	0.753477609363008	0.746102504635881
	7	0	0	0.753477609363008	0.753477609363008	0.746102504635881
	8	1	-2.0	0.5	0.0	0.0
	9	1	2.0	0.5	0.5	0.0
	10	1	-2.0	0.0	0.5	0.0
	11	1	2.0	0.0	0.0	0.5
	12	1	2.0	0.5	0.0	0.5
	13	1	2.0	0.0	0.5	0.5
	14	2	0	0.0	0.0	0.0
	15	2	0	0.5	0.5	0.5
# Ni Mn In 
8	6	2	\C_5\run	-102.809303	5.981349758823976	5.981349758823976	5.981349758823976	1.5707963267948966	1.5707963267948966	1.5707963267948966
5.981349758823976	0.0	0.0
0.0	5.981349758823976	0.0
0.0	0.0	5.981349758823976
	0	0	0	0.25	0.25	0.25
	1	0	0	0.75	0.25	0.25
	2	0	0	0.25	0.75	0.25
	3	0	0	0.75	0.75	0.25
	4	0	0	0.25	0.25	0.75
	5	0	0	0.75	0.25	0.75
	6	0	0	0.25	0.75	0.75
	7	0	0	0.75	0.75	0.75
	8	1	-2.0	0.5	0.0	0.0
	9	1	2.0	0.5	0.5	0.0
	10	1	2.0	0.0	0.5	0.0
	11	1	2.0	0.0	0.0	0.5
	12	1	2.0	0.5	0.0	0.5
	13	1	-2.0	0.0	0.5	0.5
	14	2	0	0.0	0.0	0.0
	15	2	0	0.5	0.5	0.5
# Ni Mn In 
8	6	2	\C_6\run	-102.80928862	5.981349758823976	5.981349758823976	5.981349758823976	1.5707963267948966	1.5707963267948966	1.5707963267948966
5.981349758823976	0.0	0.0
0.0	5.981349758823976	0.0
0.0	0.0	5.981349758823976
	0	0	0	0.25	0.25	0.25
	1	0	0	0.75	0.25	0.25
	2	0	0	0.25	0.75	0.25
	3	0	0	0.75	0.75	0.25
	4	0	0	0.25	0.25	0.75
	5	0	0	0.75	0.25	0.75
	6	0	0	0.25	0.75	0.75
	7	0	0	0.75	0.75	0.75
	8	1	2.0	0.5	0.0	0.0
	9	1	-2.0	0.5	0.5	0.0
	10	1	2.0	0.0	0.5	0.0
	11	1	-2.0	0.0	0.0	0.5
	12	1	2.0	0.5	0.0	0.5
	13	1	2.0	0.0	0.5	0.5
	14	2	0	0.0	0.0	0.0
	15	2	0	0.5	0.5	0.5
# Ni Mn In 
8	6	2	\C_7\run	-102.69270156	5.981349758823976	5.981349758823976	5.981349758823976	1.5707963267948966	1.5707963267948966	1.5707963267948966
5.981349758823976	0.0	0.0
0.0	5.981349758823976	0.0
0.0	0.0	5.981349758823976
	0	0	0	0.25	0.25	0.25
	1	0	0	0.75	0.25	0.25
	2	0	0	0.25	0.75	0.25
	3	0	0	0.75	0.75	0.25
	4	0	0	0.25	0.25	0.75
	5	0	0	0.75	0.25	0.75
	6	0	0	0.25	0.75	0.75
	7	0	0	0.75	0.75	0.75
	8	1	-2.0	0.5	0.0	0.0
	9	1	-2.0	0.5	0.5	0.0
	10	1	-2.0	0.0	0.5	0.0
	11	1	2.0	0.0	0.0	0.5
	12	1	2.0	0.5	0.0	0.5
	13	1	2.0	0.0	0.5	0.5
	14	2	0	0.0	0.0	0.0
	15	2	0	0.5	0.5	0.5
# Ni Mn In 
8	6	2	\C_8\run	-102.86228553	5.981349758823976	5.981349758823976	5.981349758823976	1.5707963267948966	1.5707963267948966	1.5707963267948966
5.981349758823976	0.0	0.0
0.0	5.981349758823976	0.0
0.0	0.0	5.981349758823976
	0	0	0	0.253730425849362	0.246269409894657	0.249972110962162
	1	0	0	0.746269574150638	0.246269409894657	0.249972110962162
	2	0	0	0.253730425849362	0.753730590105343	0.249972110962162
	3	0	0	0.746269574150638	0.753730590105343	0.249972110962162
	4	0	0	0.253730425849362	0.246269409894657	0.750027889037838
	5	0	0	0.746269574150638	0.246269409894657	0.750027889037838
	6	0	0	0.253730425849362	0.753730590105343	0.750027889037838
	7	0	0	0.746269574150638	0.753730590105343	0.750027889037838
	8	1	-2.0	0.5	0.0	0.0
	9	1	-2.0	0.5	0.5	0.0
	10	1	2.0	0.0	0.5	0.0
	11	1	2.0	0.0	0.0	0.5
	12	1	2.0	0.5	0.0	0.5
	13	1	-2.0	0.0	0.5	0.5
	14	2	0	0.0	0.0	0.0
	15	2	0	0.5	0.5	0.5
# Ni Mn In 
8	6	2	\C_9\run	-102.91553914	5.981349758823976	5.981349758823976	5.981349758823976	1.5707963267948966	1.5707963267948966	1.5707963267948966
5.981349758823976	0.0	0.0
0.0	5.981349758823976	0.0
0.0	0.0	5.981349758823976
	0	0	0	0.25	0.25	0.25
	1	0	0	0.75	0.25	0.25
	2	0	0	0.25	0.75	0.25
	3	0	0	0.75	0.75	0.25
	4	0	0	0.25	0.25	0.75
	5	0	0	0.75	0.25	0.75
	6	0	0	0.25	0.75	0.75
	7	0	0	0.75	0.75	0.75
	8	1	-2.0	0.5	0.0	0.0
	9	1	2.0	0.5	0.5	0.0
	10	1	-2.0	0.0	0.5	0.0
	11	1	-2.0	0.0	0.0	0.5
	12	1	2.0	0.5	0.0	0.5
	13	1	2.0	0.0	0.5	0.5
	14	2	0	0.0	0.0	0.0
	15	2	0	0.5	0.5	0.5
